5.13575241712e-06
4.16577631768e-06
8.05992215192e-07
4.99008592669e-07
4.78932065562e-07
2.28306063832e-07
2.10088316521e-07
7.28848306153e-08
5.09085384692e-06
4.21545519202e-06
1.06401751054e-06
9.20279092043e-07
4.81708468669e-07
4.65755334744e-07
2.3400274074e-07
2.10863348116e-07
6.79972131934e-08
5.04251056554e-06
3.62611149285e-06
4.83243411509e-07
4.49740184649e-07
4.11983336335e-07
2.28242967637e-07
1.84439414852e-07
1.74886395143e-07
1.71221770984e-07
6.36864854187e-08
5.08873563376e-06
3.66106201e-06
5.19809475463e-07
5.0015881925e-07
4.87133377192e-07
3.66450564115e-07
2.39538479718e-07
2.04401743531e-07
2.02405900041e-07
7.71220811657e-08
4.81321058032e-06
4.01552006224e-06
5.44925910617e-07
4.90660397645e-07
4.77425317058e-07
4.68938765152e-07
2.35868199638e-07
2.05285701327e-07
2.02697961527e-07
7.70077193124e-08
7.00203770521e-08
6.70573783168e-08
4.84936435896e-06
3.58144643542e-06
4.88515070174e-07
4.86056705995e-07
4.82479322272e-07
4.81036749989e-07
4.73080717711e-07
2.37877344489e-07
1.94533868125e-07
1.93964069695e-07
1.91948927863e-07
1.90184920257e-07
9.29274506234e-08
4.96079292134e-06
4.07805237046e-06
5.36829759312e-07
5.10504833073e-07
4.85973032482e-07
3.12603930297e-07
2.0483867047e-07
1.98490880621e-07
9.97317499696e-08
7.37341281365e-08
7.20192332437e-08
1.72682102857e-05
8.12650432636e-06
6.81693427396e-06
2.73759360425e-06
5.14442490385e-07
5.00703436046e-07
3.4163986129e-07
3.33283480813e-07
1.18076862066e-07
5.63246302931e-08
5.11582811669e-06
3.69639587916e-06
5.2401674111e-07
4.77618470995e-07
2.40149915953e-07
2.10928533306e-07
1.89086975411e-07
8.89727118647e-08
7.9553799992e-08
7.73157395884e-08
6.64138539719e-08
5.2525447245e-06
3.6491519495e-06
5.06336618855e-07
4.89158537675e-07
4.75645776987e-07
4.45328993237e-07
2.33281085116e-07
1.93829635009e-07
1.88603252127e-07
7.14722574457e-08
7.12913177381e-08
7.11066192594e-08
